{
 "cells": [
  {
   "cell_type": "markdown",
   "metadata": {},
   "source": [
    "# REGRESSION ANALYSIS ON THE ENERGY CONSUMPTION IN THE UK"
   ]
  },
  {
   "cell_type": "code",
   "execution_count": 2,
   "metadata": {},
   "outputs": [],
   "source": [
    "import pandas as pd\n",
    "import numpy as np\n",
    "import statsmodels.api as sm \n",
    "import matplotlib.pyplot as plt   \n",
    "from sklearn.linear_model import LinearRegression\n",
    "from sklearn import metrics\n",
    "import warnings\n",
    "warnings.filterwarnings('ignore')"
   ]
  },
  {
   "cell_type": "markdown",
   "metadata": {},
   "source": [
    "**Importing different libraries to be used in building the Regression Model**\n",
    "- Pandas for maniplulation\n",
    "- Numpy\n",
    "- Matplotlib for visualization\n",
    "- Statsmodel to building multiple regression\n",
    "- Scikit Learn to build Linear Regression \n",
    "- Sklearn metrics to compute our R-Squared"
   ]
  },
  {
   "cell_type": "markdown",
   "metadata": {},
   "source": [
    "First we have to read our dataset and have a look at the first 5"
   ]
  },
  {
   "cell_type": "code",
   "execution_count": 3,
   "metadata": {},
   "outputs": [],
   "source": [
    "df_merged = pd.read_csv(\"../Data/daily_weather_merged.csv\")"
   ]
  },
  {
   "cell_type": "code",
   "execution_count": 4,
   "metadata": {},
   "outputs": [
    {
     "data": {
      "text/html": [
       "<div>\n",
       "<style scoped>\n",
       "    .dataframe tbody tr th:only-of-type {\n",
       "        vertical-align: middle;\n",
       "    }\n",
       "\n",
       "    .dataframe tbody tr th {\n",
       "        vertical-align: top;\n",
       "    }\n",
       "\n",
       "    .dataframe thead th {\n",
       "        text-align: right;\n",
       "    }\n",
       "</style>\n",
       "<table border=\"1\" class=\"dataframe\">\n",
       "  <thead>\n",
       "    <tr style=\"text-align: right;\">\n",
       "      <th></th>\n",
       "      <th>Unnamed: 0</th>\n",
       "      <th>day</th>\n",
       "      <th>LCLid</th>\n",
       "      <th>energy_sum</th>\n",
       "      <th>energy_mean</th>\n",
       "      <th>energy_max</th>\n",
       "      <th>energy_min</th>\n",
       "      <th>energy_std</th>\n",
       "      <th>energy_count</th>\n",
       "      <th>dayTime</th>\n",
       "      <th>visibility</th>\n",
       "      <th>temperatureMin</th>\n",
       "      <th>temperatureMax</th>\n",
       "      <th>icon</th>\n",
       "      <th>cloudCover</th>\n",
       "      <th>moonPhase</th>\n",
       "    </tr>\n",
       "  </thead>\n",
       "  <tbody>\n",
       "    <tr>\n",
       "      <th>0</th>\n",
       "      <td>0</td>\n",
       "      <td>2011-11-23</td>\n",
       "      <td>MAC000149</td>\n",
       "      <td>2.287</td>\n",
       "      <td>0.081679</td>\n",
       "      <td>0.198</td>\n",
       "      <td>0.000</td>\n",
       "      <td>0.052851</td>\n",
       "      <td>28</td>\n",
       "      <td>8.52</td>\n",
       "      <td>8.06</td>\n",
       "      <td>3.81</td>\n",
       "      <td>10.36</td>\n",
       "      <td>fog</td>\n",
       "      <td>0.36</td>\n",
       "      <td>0.94</td>\n",
       "    </tr>\n",
       "    <tr>\n",
       "      <th>1</th>\n",
       "      <td>1</td>\n",
       "      <td>2011-11-23</td>\n",
       "      <td>MAC000154</td>\n",
       "      <td>5.798</td>\n",
       "      <td>0.252087</td>\n",
       "      <td>0.999</td>\n",
       "      <td>0.098</td>\n",
       "      <td>0.219155</td>\n",
       "      <td>23</td>\n",
       "      <td>8.52</td>\n",
       "      <td>8.06</td>\n",
       "      <td>3.81</td>\n",
       "      <td>10.36</td>\n",
       "      <td>fog</td>\n",
       "      <td>0.36</td>\n",
       "      <td>0.94</td>\n",
       "    </tr>\n",
       "    <tr>\n",
       "      <th>2</th>\n",
       "      <td>2</td>\n",
       "      <td>2011-11-23</td>\n",
       "      <td>MAC000156</td>\n",
       "      <td>6.523</td>\n",
       "      <td>0.296500</td>\n",
       "      <td>0.512</td>\n",
       "      <td>0.162</td>\n",
       "      <td>0.108046</td>\n",
       "      <td>22</td>\n",
       "      <td>8.52</td>\n",
       "      <td>8.06</td>\n",
       "      <td>3.81</td>\n",
       "      <td>10.36</td>\n",
       "      <td>fog</td>\n",
       "      <td>0.36</td>\n",
       "      <td>0.94</td>\n",
       "    </tr>\n",
       "    <tr>\n",
       "      <th>3</th>\n",
       "      <td>3</td>\n",
       "      <td>2011-11-23</td>\n",
       "      <td>MAC000150</td>\n",
       "      <td>9.254</td>\n",
       "      <td>0.330500</td>\n",
       "      <td>1.162</td>\n",
       "      <td>0.059</td>\n",
       "      <td>0.313498</td>\n",
       "      <td>28</td>\n",
       "      <td>8.52</td>\n",
       "      <td>8.06</td>\n",
       "      <td>3.81</td>\n",
       "      <td>10.36</td>\n",
       "      <td>fog</td>\n",
       "      <td>0.36</td>\n",
       "      <td>0.94</td>\n",
       "    </tr>\n",
       "    <tr>\n",
       "      <th>4</th>\n",
       "      <td>4</td>\n",
       "      <td>2011-11-23</td>\n",
       "      <td>MAC000147</td>\n",
       "      <td>3.036</td>\n",
       "      <td>0.108429</td>\n",
       "      <td>0.315</td>\n",
       "      <td>0.033</td>\n",
       "      <td>0.071653</td>\n",
       "      <td>28</td>\n",
       "      <td>8.52</td>\n",
       "      <td>8.06</td>\n",
       "      <td>3.81</td>\n",
       "      <td>10.36</td>\n",
       "      <td>fog</td>\n",
       "      <td>0.36</td>\n",
       "      <td>0.94</td>\n",
       "    </tr>\n",
       "  </tbody>\n",
       "</table>\n",
       "</div>"
      ],
      "text/plain": [
       "   Unnamed: 0         day      LCLid  energy_sum  energy_mean  energy_max  \\\n",
       "0           0  2011-11-23  MAC000149       2.287     0.081679       0.198   \n",
       "1           1  2011-11-23  MAC000154       5.798     0.252087       0.999   \n",
       "2           2  2011-11-23  MAC000156       6.523     0.296500       0.512   \n",
       "3           3  2011-11-23  MAC000150       9.254     0.330500       1.162   \n",
       "4           4  2011-11-23  MAC000147       3.036     0.108429       0.315   \n",
       "\n",
       "   energy_min  energy_std  energy_count  dayTime  visibility  temperatureMin  \\\n",
       "0       0.000    0.052851            28     8.52        8.06            3.81   \n",
       "1       0.098    0.219155            23     8.52        8.06            3.81   \n",
       "2       0.162    0.108046            22     8.52        8.06            3.81   \n",
       "3       0.059    0.313498            28     8.52        8.06            3.81   \n",
       "4       0.033    0.071653            28     8.52        8.06            3.81   \n",
       "\n",
       "   temperatureMax icon  cloudCover  moonPhase  \n",
       "0           10.36  fog        0.36       0.94  \n",
       "1           10.36  fog        0.36       0.94  \n",
       "2           10.36  fog        0.36       0.94  \n",
       "3           10.36  fog        0.36       0.94  \n",
       "4           10.36  fog        0.36       0.94  "
      ]
     },
     "execution_count": 4,
     "metadata": {},
     "output_type": "execute_result"
    }
   ],
   "source": [
    "df_merged.head()"
   ]
  },
  {
   "cell_type": "markdown",
   "metadata": {},
   "source": [
    "Our dataframe gave a lot of informations regarding the energy consumption, however our goal is to investigate variables who has corrrelation with the energy consumption in London. There are 6 columns having the enregy tag on our dataframe, In this case , our target variable will be the sum of energy(energy_sum), this is the sum of energy being consumed per household."
   ]
  },
  {
   "cell_type": "code",
   "execution_count": 5,
   "metadata": {},
   "outputs": [
    {
     "data": {
      "text/html": [
       "<div>\n",
       "<style scoped>\n",
       "    .dataframe tbody tr th:only-of-type {\n",
       "        vertical-align: middle;\n",
       "    }\n",
       "\n",
       "    .dataframe tbody tr th {\n",
       "        vertical-align: top;\n",
       "    }\n",
       "\n",
       "    .dataframe thead th {\n",
       "        text-align: right;\n",
       "    }\n",
       "</style>\n",
       "<table border=\"1\" class=\"dataframe\">\n",
       "  <thead>\n",
       "    <tr style=\"text-align: right;\">\n",
       "      <th></th>\n",
       "      <th>Unnamed: 0</th>\n",
       "      <th>energy_sum</th>\n",
       "      <th>energy_mean</th>\n",
       "      <th>energy_max</th>\n",
       "      <th>energy_min</th>\n",
       "      <th>energy_std</th>\n",
       "      <th>energy_count</th>\n",
       "      <th>dayTime</th>\n",
       "      <th>visibility</th>\n",
       "      <th>temperatureMin</th>\n",
       "      <th>temperatureMax</th>\n",
       "      <th>cloudCover</th>\n",
       "      <th>moonPhase</th>\n",
       "    </tr>\n",
       "  </thead>\n",
       "  <tbody>\n",
       "    <tr>\n",
       "      <th>Unnamed: 0</th>\n",
       "      <td>1.000000</td>\n",
       "      <td>0.015727</td>\n",
       "      <td>0.016726</td>\n",
       "      <td>0.006051</td>\n",
       "      <td>0.007317</td>\n",
       "      <td>0.012307</td>\n",
       "      <td>-0.013927</td>\n",
       "      <td>-0.282833</td>\n",
       "      <td>-0.007156</td>\n",
       "      <td>-0.101954</td>\n",
       "      <td>-0.107935</td>\n",
       "      <td>-0.012012</td>\n",
       "      <td>0.012916</td>\n",
       "    </tr>\n",
       "    <tr>\n",
       "      <th>energy_sum</th>\n",
       "      <td>0.015727</td>\n",
       "      <td>1.000000</td>\n",
       "      <td>0.993789</td>\n",
       "      <td>0.765571</td>\n",
       "      <td>0.709064</td>\n",
       "      <td>0.779652</td>\n",
       "      <td>0.063595</td>\n",
       "      <td>-0.155491</td>\n",
       "      <td>-0.057871</td>\n",
       "      <td>-0.162209</td>\n",
       "      <td>-0.169893</td>\n",
       "      <td>0.055220</td>\n",
       "      <td>-0.011047</td>\n",
       "    </tr>\n",
       "    <tr>\n",
       "      <th>energy_mean</th>\n",
       "      <td>0.016726</td>\n",
       "      <td>0.993789</td>\n",
       "      <td>1.000000</td>\n",
       "      <td>0.763081</td>\n",
       "      <td>0.730749</td>\n",
       "      <td>0.779707</td>\n",
       "      <td>0.004787</td>\n",
       "      <td>-0.155208</td>\n",
       "      <td>-0.058052</td>\n",
       "      <td>-0.163280</td>\n",
       "      <td>-0.171155</td>\n",
       "      <td>0.056227</td>\n",
       "      <td>-0.007731</td>\n",
       "    </tr>\n",
       "    <tr>\n",
       "      <th>energy_max</th>\n",
       "      <td>0.006051</td>\n",
       "      <td>0.765571</td>\n",
       "      <td>0.763081</td>\n",
       "      <td>1.000000</td>\n",
       "      <td>0.358941</td>\n",
       "      <td>0.945955</td>\n",
       "      <td>0.053773</td>\n",
       "      <td>-0.133864</td>\n",
       "      <td>-0.053414</td>\n",
       "      <td>-0.148734</td>\n",
       "      <td>-0.154002</td>\n",
       "      <td>0.049828</td>\n",
       "      <td>-0.009239</td>\n",
       "    </tr>\n",
       "    <tr>\n",
       "      <th>energy_min</th>\n",
       "      <td>0.007317</td>\n",
       "      <td>0.709064</td>\n",
       "      <td>0.730749</td>\n",
       "      <td>0.358941</td>\n",
       "      <td>1.000000</td>\n",
       "      <td>0.272997</td>\n",
       "      <td>-0.078905</td>\n",
       "      <td>-0.045883</td>\n",
       "      <td>-0.017483</td>\n",
       "      <td>-0.053391</td>\n",
       "      <td>-0.055462</td>\n",
       "      <td>0.018324</td>\n",
       "      <td>0.001037</td>\n",
       "    </tr>\n",
       "    <tr>\n",
       "      <th>energy_std</th>\n",
       "      <td>0.012307</td>\n",
       "      <td>0.779652</td>\n",
       "      <td>0.779707</td>\n",
       "      <td>0.945955</td>\n",
       "      <td>0.272997</td>\n",
       "      <td>1.000000</td>\n",
       "      <td>-0.000478</td>\n",
       "      <td>-0.158844</td>\n",
       "      <td>-0.061735</td>\n",
       "      <td>-0.173328</td>\n",
       "      <td>-0.180356</td>\n",
       "      <td>0.058609</td>\n",
       "      <td>-0.006214</td>\n",
       "    </tr>\n",
       "    <tr>\n",
       "      <th>energy_count</th>\n",
       "      <td>-0.013927</td>\n",
       "      <td>0.063595</td>\n",
       "      <td>0.004787</td>\n",
       "      <td>0.053773</td>\n",
       "      <td>-0.078905</td>\n",
       "      <td>-0.000478</td>\n",
       "      <td>1.000000</td>\n",
       "      <td>-0.006474</td>\n",
       "      <td>0.001722</td>\n",
       "      <td>0.018552</td>\n",
       "      <td>0.022019</td>\n",
       "      <td>-0.017678</td>\n",
       "      <td>-0.057401</td>\n",
       "    </tr>\n",
       "    <tr>\n",
       "      <th>dayTime</th>\n",
       "      <td>-0.282833</td>\n",
       "      <td>-0.155491</td>\n",
       "      <td>-0.155208</td>\n",
       "      <td>-0.133864</td>\n",
       "      <td>-0.045883</td>\n",
       "      <td>-0.158844</td>\n",
       "      <td>-0.006474</td>\n",
       "      <td>1.000000</td>\n",
       "      <td>0.266999</td>\n",
       "      <td>0.640114</td>\n",
       "      <td>0.701426</td>\n",
       "      <td>-0.156622</td>\n",
       "      <td>0.007926</td>\n",
       "    </tr>\n",
       "    <tr>\n",
       "      <th>visibility</th>\n",
       "      <td>-0.007156</td>\n",
       "      <td>-0.057871</td>\n",
       "      <td>-0.058052</td>\n",
       "      <td>-0.053414</td>\n",
       "      <td>-0.017483</td>\n",
       "      <td>-0.061735</td>\n",
       "      <td>0.001722</td>\n",
       "      <td>0.266999</td>\n",
       "      <td>1.000000</td>\n",
       "      <td>0.202849</td>\n",
       "      <td>0.299871</td>\n",
       "      <td>-0.382609</td>\n",
       "      <td>0.076821</td>\n",
       "    </tr>\n",
       "    <tr>\n",
       "      <th>temperatureMin</th>\n",
       "      <td>-0.101954</td>\n",
       "      <td>-0.162209</td>\n",
       "      <td>-0.163280</td>\n",
       "      <td>-0.148734</td>\n",
       "      <td>-0.053391</td>\n",
       "      <td>-0.173328</td>\n",
       "      <td>0.018552</td>\n",
       "      <td>0.640114</td>\n",
       "      <td>0.202849</td>\n",
       "      <td>1.000000</td>\n",
       "      <td>0.904017</td>\n",
       "      <td>-0.116567</td>\n",
       "      <td>0.004664</td>\n",
       "    </tr>\n",
       "    <tr>\n",
       "      <th>temperatureMax</th>\n",
       "      <td>-0.107935</td>\n",
       "      <td>-0.169893</td>\n",
       "      <td>-0.171155</td>\n",
       "      <td>-0.154002</td>\n",
       "      <td>-0.055462</td>\n",
       "      <td>-0.180356</td>\n",
       "      <td>0.022019</td>\n",
       "      <td>0.701426</td>\n",
       "      <td>0.299871</td>\n",
       "      <td>0.904017</td>\n",
       "      <td>1.000000</td>\n",
       "      <td>-0.371125</td>\n",
       "      <td>0.024802</td>\n",
       "    </tr>\n",
       "    <tr>\n",
       "      <th>cloudCover</th>\n",
       "      <td>-0.012012</td>\n",
       "      <td>0.055220</td>\n",
       "      <td>0.056227</td>\n",
       "      <td>0.049828</td>\n",
       "      <td>0.018324</td>\n",
       "      <td>0.058609</td>\n",
       "      <td>-0.017678</td>\n",
       "      <td>-0.156622</td>\n",
       "      <td>-0.382609</td>\n",
       "      <td>-0.116567</td>\n",
       "      <td>-0.371125</td>\n",
       "      <td>1.000000</td>\n",
       "      <td>-0.074047</td>\n",
       "    </tr>\n",
       "    <tr>\n",
       "      <th>moonPhase</th>\n",
       "      <td>0.012916</td>\n",
       "      <td>-0.011047</td>\n",
       "      <td>-0.007731</td>\n",
       "      <td>-0.009239</td>\n",
       "      <td>0.001037</td>\n",
       "      <td>-0.006214</td>\n",
       "      <td>-0.057401</td>\n",
       "      <td>0.007926</td>\n",
       "      <td>0.076821</td>\n",
       "      <td>0.004664</td>\n",
       "      <td>0.024802</td>\n",
       "      <td>-0.074047</td>\n",
       "      <td>1.000000</td>\n",
       "    </tr>\n",
       "  </tbody>\n",
       "</table>\n",
       "</div>"
      ],
      "text/plain": [
       "                Unnamed: 0  energy_sum  energy_mean  energy_max  energy_min  \\\n",
       "Unnamed: 0        1.000000    0.015727     0.016726    0.006051    0.007317   \n",
       "energy_sum        0.015727    1.000000     0.993789    0.765571    0.709064   \n",
       "energy_mean       0.016726    0.993789     1.000000    0.763081    0.730749   \n",
       "energy_max        0.006051    0.765571     0.763081    1.000000    0.358941   \n",
       "energy_min        0.007317    0.709064     0.730749    0.358941    1.000000   \n",
       "energy_std        0.012307    0.779652     0.779707    0.945955    0.272997   \n",
       "energy_count     -0.013927    0.063595     0.004787    0.053773   -0.078905   \n",
       "dayTime          -0.282833   -0.155491    -0.155208   -0.133864   -0.045883   \n",
       "visibility       -0.007156   -0.057871    -0.058052   -0.053414   -0.017483   \n",
       "temperatureMin   -0.101954   -0.162209    -0.163280   -0.148734   -0.053391   \n",
       "temperatureMax   -0.107935   -0.169893    -0.171155   -0.154002   -0.055462   \n",
       "cloudCover       -0.012012    0.055220     0.056227    0.049828    0.018324   \n",
       "moonPhase         0.012916   -0.011047    -0.007731   -0.009239    0.001037   \n",
       "\n",
       "                energy_std  energy_count   dayTime  visibility  \\\n",
       "Unnamed: 0        0.012307     -0.013927 -0.282833   -0.007156   \n",
       "energy_sum        0.779652      0.063595 -0.155491   -0.057871   \n",
       "energy_mean       0.779707      0.004787 -0.155208   -0.058052   \n",
       "energy_max        0.945955      0.053773 -0.133864   -0.053414   \n",
       "energy_min        0.272997     -0.078905 -0.045883   -0.017483   \n",
       "energy_std        1.000000     -0.000478 -0.158844   -0.061735   \n",
       "energy_count     -0.000478      1.000000 -0.006474    0.001722   \n",
       "dayTime          -0.158844     -0.006474  1.000000    0.266999   \n",
       "visibility       -0.061735      0.001722  0.266999    1.000000   \n",
       "temperatureMin   -0.173328      0.018552  0.640114    0.202849   \n",
       "temperatureMax   -0.180356      0.022019  0.701426    0.299871   \n",
       "cloudCover        0.058609     -0.017678 -0.156622   -0.382609   \n",
       "moonPhase        -0.006214     -0.057401  0.007926    0.076821   \n",
       "\n",
       "                temperatureMin  temperatureMax  cloudCover  moonPhase  \n",
       "Unnamed: 0           -0.101954       -0.107935   -0.012012   0.012916  \n",
       "energy_sum           -0.162209       -0.169893    0.055220  -0.011047  \n",
       "energy_mean          -0.163280       -0.171155    0.056227  -0.007731  \n",
       "energy_max           -0.148734       -0.154002    0.049828  -0.009239  \n",
       "energy_min           -0.053391       -0.055462    0.018324   0.001037  \n",
       "energy_std           -0.173328       -0.180356    0.058609  -0.006214  \n",
       "energy_count          0.018552        0.022019   -0.017678  -0.057401  \n",
       "dayTime               0.640114        0.701426   -0.156622   0.007926  \n",
       "visibility            0.202849        0.299871   -0.382609   0.076821  \n",
       "temperatureMin        1.000000        0.904017   -0.116567   0.004664  \n",
       "temperatureMax        0.904017        1.000000   -0.371125   0.024802  \n",
       "cloudCover           -0.116567       -0.371125    1.000000  -0.074047  \n",
       "moonPhase             0.004664        0.024802   -0.074047   1.000000  "
      ]
     },
     "execution_count": 5,
     "metadata": {},
     "output_type": "execute_result"
    }
   ],
   "source": [
    "df_merged.corr()"
   ]
  },
  {
   "cell_type": "markdown",
   "metadata": {},
   "source": [
    "## Grouping by 'day'"
   ]
  },
  {
   "cell_type": "markdown",
   "metadata": {},
   "source": [
    "Grouping the DataFrame by day and taking the mean of the numerical values. We then sort the values by 'day' ascending and reset the index. We are also droping the column 'Unnamed: 0' since it is just a 'second index'."
   ]
  },
  {
   "cell_type": "code",
   "execution_count": 6,
   "metadata": {},
   "outputs": [],
   "source": [
    "df_merged = (df_merged.groupby(['day'])\n",
    "            .mean()\n",
    "            .sort_values('day')\n",
    "            .reset_index()\n",
    "            .drop(columns = ['Unnamed: 0'])\n",
    "            )"
   ]
  },
  {
   "cell_type": "code",
   "execution_count": 7,
   "metadata": {},
   "outputs": [
    {
     "data": {
      "text/html": [
       "<div>\n",
       "<style scoped>\n",
       "    .dataframe tbody tr th:only-of-type {\n",
       "        vertical-align: middle;\n",
       "    }\n",
       "\n",
       "    .dataframe tbody tr th {\n",
       "        vertical-align: top;\n",
       "    }\n",
       "\n",
       "    .dataframe thead th {\n",
       "        text-align: right;\n",
       "    }\n",
       "</style>\n",
       "<table border=\"1\" class=\"dataframe\">\n",
       "  <thead>\n",
       "    <tr style=\"text-align: right;\">\n",
       "      <th></th>\n",
       "      <th>day</th>\n",
       "      <th>energy_sum</th>\n",
       "      <th>energy_mean</th>\n",
       "      <th>energy_max</th>\n",
       "      <th>energy_min</th>\n",
       "      <th>energy_std</th>\n",
       "      <th>energy_count</th>\n",
       "      <th>dayTime</th>\n",
       "      <th>visibility</th>\n",
       "      <th>temperatureMin</th>\n",
       "      <th>temperatureMax</th>\n",
       "      <th>cloudCover</th>\n",
       "      <th>moonPhase</th>\n",
       "    </tr>\n",
       "  </thead>\n",
       "  <tbody>\n",
       "    <tr>\n",
       "      <th>0</th>\n",
       "      <td>2011-11-23</td>\n",
       "      <td>6.952692</td>\n",
       "      <td>0.281091</td>\n",
       "      <td>0.756538</td>\n",
       "      <td>0.085615</td>\n",
       "      <td>0.174167</td>\n",
       "      <td>25.692308</td>\n",
       "      <td>8.520000</td>\n",
       "      <td>8.06</td>\n",
       "      <td>3.81</td>\n",
       "      <td>10.36</td>\n",
       "      <td>0.36</td>\n",
       "      <td>0.94</td>\n",
       "    </tr>\n",
       "    <tr>\n",
       "      <th>1</th>\n",
       "      <td>2011-11-24</td>\n",
       "      <td>8.536480</td>\n",
       "      <td>0.234207</td>\n",
       "      <td>0.761840</td>\n",
       "      <td>0.080760</td>\n",
       "      <td>0.156369</td>\n",
       "      <td>36.880000</td>\n",
       "      <td>8.476111</td>\n",
       "      <td>10.64</td>\n",
       "      <td>8.56</td>\n",
       "      <td>12.93</td>\n",
       "      <td>0.41</td>\n",
       "      <td>0.97</td>\n",
       "    </tr>\n",
       "    <tr>\n",
       "      <th>2</th>\n",
       "      <td>2011-11-25</td>\n",
       "      <td>9.499781</td>\n",
       "      <td>0.224901</td>\n",
       "      <td>0.726438</td>\n",
       "      <td>0.071344</td>\n",
       "      <td>0.155090</td>\n",
       "      <td>43.218750</td>\n",
       "      <td>8.433333</td>\n",
       "      <td>12.38</td>\n",
       "      <td>7.46</td>\n",
       "      <td>13.03</td>\n",
       "      <td>0.48</td>\n",
       "      <td>0.01</td>\n",
       "    </tr>\n",
       "    <tr>\n",
       "      <th>3</th>\n",
       "      <td>2011-11-26</td>\n",
       "      <td>10.267707</td>\n",
       "      <td>0.247635</td>\n",
       "      <td>0.826049</td>\n",
       "      <td>0.073220</td>\n",
       "      <td>0.173554</td>\n",
       "      <td>43.243902</td>\n",
       "      <td>8.391944</td>\n",
       "      <td>13.07</td>\n",
       "      <td>7.01</td>\n",
       "      <td>12.96</td>\n",
       "      <td>0.44</td>\n",
       "      <td>0.05</td>\n",
       "    </tr>\n",
       "    <tr>\n",
       "      <th>4</th>\n",
       "      <td>2011-11-27</td>\n",
       "      <td>10.850805</td>\n",
       "      <td>0.226058</td>\n",
       "      <td>0.865463</td>\n",
       "      <td>0.069927</td>\n",
       "      <td>0.175145</td>\n",
       "      <td>48.000000</td>\n",
       "      <td>8.351667</td>\n",
       "      <td>13.08</td>\n",
       "      <td>4.47</td>\n",
       "      <td>13.54</td>\n",
       "      <td>0.42</td>\n",
       "      <td>0.08</td>\n",
       "    </tr>\n",
       "  </tbody>\n",
       "</table>\n",
       "</div>"
      ],
      "text/plain": [
       "          day  energy_sum  energy_mean  energy_max  energy_min  energy_std  \\\n",
       "0  2011-11-23    6.952692     0.281091    0.756538    0.085615    0.174167   \n",
       "1  2011-11-24    8.536480     0.234207    0.761840    0.080760    0.156369   \n",
       "2  2011-11-25    9.499781     0.224901    0.726438    0.071344    0.155090   \n",
       "3  2011-11-26   10.267707     0.247635    0.826049    0.073220    0.173554   \n",
       "4  2011-11-27   10.850805     0.226058    0.865463    0.069927    0.175145   \n",
       "\n",
       "   energy_count   dayTime  visibility  temperatureMin  temperatureMax  \\\n",
       "0     25.692308  8.520000        8.06            3.81           10.36   \n",
       "1     36.880000  8.476111       10.64            8.56           12.93   \n",
       "2     43.218750  8.433333       12.38            7.46           13.03   \n",
       "3     43.243902  8.391944       13.07            7.01           12.96   \n",
       "4     48.000000  8.351667       13.08            4.47           13.54   \n",
       "\n",
       "   cloudCover  moonPhase  \n",
       "0        0.36       0.94  \n",
       "1        0.41       0.97  \n",
       "2        0.48       0.01  \n",
       "3        0.44       0.05  \n",
       "4        0.42       0.08  "
      ]
     },
     "execution_count": 7,
     "metadata": {},
     "output_type": "execute_result"
    }
   ],
   "source": [
    "df_merged.head()"
   ]
  },
  {
   "cell_type": "markdown",
   "metadata": {},
   "source": [
    "To have a quick foresight to know which of the variables in our dataframe has correlation with our independent variable(energy_sum), so we apply the Corr() function."
   ]
  },
  {
   "cell_type": "code",
   "execution_count": 8,
   "metadata": {},
   "outputs": [
    {
     "data": {
      "text/html": [
       "<div>\n",
       "<style scoped>\n",
       "    .dataframe tbody tr th:only-of-type {\n",
       "        vertical-align: middle;\n",
       "    }\n",
       "\n",
       "    .dataframe tbody tr th {\n",
       "        vertical-align: top;\n",
       "    }\n",
       "\n",
       "    .dataframe thead th {\n",
       "        text-align: right;\n",
       "    }\n",
       "</style>\n",
       "<table border=\"1\" class=\"dataframe\">\n",
       "  <thead>\n",
       "    <tr style=\"text-align: right;\">\n",
       "      <th></th>\n",
       "      <th>energy_sum</th>\n",
       "      <th>energy_mean</th>\n",
       "      <th>energy_max</th>\n",
       "      <th>energy_min</th>\n",
       "      <th>energy_std</th>\n",
       "      <th>energy_count</th>\n",
       "      <th>dayTime</th>\n",
       "      <th>visibility</th>\n",
       "      <th>temperatureMin</th>\n",
       "      <th>temperatureMax</th>\n",
       "      <th>cloudCover</th>\n",
       "      <th>moonPhase</th>\n",
       "    </tr>\n",
       "  </thead>\n",
       "  <tbody>\n",
       "    <tr>\n",
       "      <th>energy_sum</th>\n",
       "      <td>1.000000</td>\n",
       "      <td>0.971418</td>\n",
       "      <td>0.966926</td>\n",
       "      <td>0.564625</td>\n",
       "      <td>0.969559</td>\n",
       "      <td>0.199996</td>\n",
       "      <td>-0.768339</td>\n",
       "      <td>-0.245011</td>\n",
       "      <td>-0.804079</td>\n",
       "      <td>-0.843281</td>\n",
       "      <td>0.240353</td>\n",
       "      <td>-0.033909</td>\n",
       "    </tr>\n",
       "    <tr>\n",
       "      <th>energy_mean</th>\n",
       "      <td>0.971418</td>\n",
       "      <td>1.000000</td>\n",
       "      <td>0.947733</td>\n",
       "      <td>0.713918</td>\n",
       "      <td>0.969947</td>\n",
       "      <td>-0.033329</td>\n",
       "      <td>-0.797207</td>\n",
       "      <td>-0.250845</td>\n",
       "      <td>-0.831273</td>\n",
       "      <td>-0.870275</td>\n",
       "      <td>0.241900</td>\n",
       "      <td>-0.016539</td>\n",
       "    </tr>\n",
       "    <tr>\n",
       "      <th>energy_max</th>\n",
       "      <td>0.966926</td>\n",
       "      <td>0.947733</td>\n",
       "      <td>1.000000</td>\n",
       "      <td>0.516722</td>\n",
       "      <td>0.996123</td>\n",
       "      <td>0.161861</td>\n",
       "      <td>-0.709813</td>\n",
       "      <td>-0.256090</td>\n",
       "      <td>-0.801639</td>\n",
       "      <td>-0.822014</td>\n",
       "      <td>0.218946</td>\n",
       "      <td>-0.025132</td>\n",
       "    </tr>\n",
       "    <tr>\n",
       "      <th>energy_min</th>\n",
       "      <td>0.564625</td>\n",
       "      <td>0.713918</td>\n",
       "      <td>0.516722</td>\n",
       "      <td>1.000000</td>\n",
       "      <td>0.793153</td>\n",
       "      <td>-0.600660</td>\n",
       "      <td>-0.546729</td>\n",
       "      <td>-0.142262</td>\n",
       "      <td>-0.572748</td>\n",
       "      <td>-0.601007</td>\n",
       "      <td>0.165484</td>\n",
       "      <td>0.021400</td>\n",
       "    </tr>\n",
       "    <tr>\n",
       "      <th>energy_std</th>\n",
       "      <td>0.969559</td>\n",
       "      <td>0.969947</td>\n",
       "      <td>0.996123</td>\n",
       "      <td>0.793153</td>\n",
       "      <td>1.000000</td>\n",
       "      <td>-0.008897</td>\n",
       "      <td>-0.744262</td>\n",
       "      <td>-0.265982</td>\n",
       "      <td>-0.830556</td>\n",
       "      <td>-0.856081</td>\n",
       "      <td>0.231014</td>\n",
       "      <td>-0.008420</td>\n",
       "    </tr>\n",
       "    <tr>\n",
       "      <th>energy_count</th>\n",
       "      <td>0.199996</td>\n",
       "      <td>-0.033329</td>\n",
       "      <td>0.161861</td>\n",
       "      <td>-0.600660</td>\n",
       "      <td>-0.008897</td>\n",
       "      <td>1.000000</td>\n",
       "      <td>0.044510</td>\n",
       "      <td>0.008862</td>\n",
       "      <td>0.053193</td>\n",
       "      <td>0.053094</td>\n",
       "      <td>-0.003660</td>\n",
       "      <td>-0.088564</td>\n",
       "    </tr>\n",
       "    <tr>\n",
       "      <th>dayTime</th>\n",
       "      <td>-0.768339</td>\n",
       "      <td>-0.797207</td>\n",
       "      <td>-0.709813</td>\n",
       "      <td>-0.546729</td>\n",
       "      <td>-0.744262</td>\n",
       "      <td>0.044510</td>\n",
       "      <td>1.000000</td>\n",
       "      <td>0.198165</td>\n",
       "      <td>0.632180</td>\n",
       "      <td>0.694892</td>\n",
       "      <td>-0.129595</td>\n",
       "      <td>0.019402</td>\n",
       "    </tr>\n",
       "    <tr>\n",
       "      <th>visibility</th>\n",
       "      <td>-0.245011</td>\n",
       "      <td>-0.250845</td>\n",
       "      <td>-0.256090</td>\n",
       "      <td>-0.142262</td>\n",
       "      <td>-0.265982</td>\n",
       "      <td>0.008862</td>\n",
       "      <td>0.198165</td>\n",
       "      <td>1.000000</td>\n",
       "      <td>0.191942</td>\n",
       "      <td>0.261507</td>\n",
       "      <td>-0.332863</td>\n",
       "      <td>0.061707</td>\n",
       "    </tr>\n",
       "    <tr>\n",
       "      <th>temperatureMin</th>\n",
       "      <td>-0.804079</td>\n",
       "      <td>-0.831273</td>\n",
       "      <td>-0.801639</td>\n",
       "      <td>-0.572748</td>\n",
       "      <td>-0.830556</td>\n",
       "      <td>0.053193</td>\n",
       "      <td>0.632180</td>\n",
       "      <td>0.191942</td>\n",
       "      <td>1.000000</td>\n",
       "      <td>0.896142</td>\n",
       "      <td>-0.062109</td>\n",
       "      <td>-0.013204</td>\n",
       "    </tr>\n",
       "    <tr>\n",
       "      <th>temperatureMax</th>\n",
       "      <td>-0.843281</td>\n",
       "      <td>-0.870275</td>\n",
       "      <td>-0.822014</td>\n",
       "      <td>-0.601007</td>\n",
       "      <td>-0.856081</td>\n",
       "      <td>0.053094</td>\n",
       "      <td>0.694892</td>\n",
       "      <td>0.261507</td>\n",
       "      <td>0.896142</td>\n",
       "      <td>1.000000</td>\n",
       "      <td>-0.333338</td>\n",
       "      <td>0.005851</td>\n",
       "    </tr>\n",
       "    <tr>\n",
       "      <th>cloudCover</th>\n",
       "      <td>0.240353</td>\n",
       "      <td>0.241900</td>\n",
       "      <td>0.218946</td>\n",
       "      <td>0.165484</td>\n",
       "      <td>0.231014</td>\n",
       "      <td>-0.003660</td>\n",
       "      <td>-0.129595</td>\n",
       "      <td>-0.332863</td>\n",
       "      <td>-0.062109</td>\n",
       "      <td>-0.333338</td>\n",
       "      <td>1.000000</td>\n",
       "      <td>-0.064122</td>\n",
       "    </tr>\n",
       "    <tr>\n",
       "      <th>moonPhase</th>\n",
       "      <td>-0.033909</td>\n",
       "      <td>-0.016539</td>\n",
       "      <td>-0.025132</td>\n",
       "      <td>0.021400</td>\n",
       "      <td>-0.008420</td>\n",
       "      <td>-0.088564</td>\n",
       "      <td>0.019402</td>\n",
       "      <td>0.061707</td>\n",
       "      <td>-0.013204</td>\n",
       "      <td>0.005851</td>\n",
       "      <td>-0.064122</td>\n",
       "      <td>1.000000</td>\n",
       "    </tr>\n",
       "  </tbody>\n",
       "</table>\n",
       "</div>"
      ],
      "text/plain": [
       "                energy_sum  energy_mean  energy_max  energy_min  energy_std  \\\n",
       "energy_sum        1.000000     0.971418    0.966926    0.564625    0.969559   \n",
       "energy_mean       0.971418     1.000000    0.947733    0.713918    0.969947   \n",
       "energy_max        0.966926     0.947733    1.000000    0.516722    0.996123   \n",
       "energy_min        0.564625     0.713918    0.516722    1.000000    0.793153   \n",
       "energy_std        0.969559     0.969947    0.996123    0.793153    1.000000   \n",
       "energy_count      0.199996    -0.033329    0.161861   -0.600660   -0.008897   \n",
       "dayTime          -0.768339    -0.797207   -0.709813   -0.546729   -0.744262   \n",
       "visibility       -0.245011    -0.250845   -0.256090   -0.142262   -0.265982   \n",
       "temperatureMin   -0.804079    -0.831273   -0.801639   -0.572748   -0.830556   \n",
       "temperatureMax   -0.843281    -0.870275   -0.822014   -0.601007   -0.856081   \n",
       "cloudCover        0.240353     0.241900    0.218946    0.165484    0.231014   \n",
       "moonPhase        -0.033909    -0.016539   -0.025132    0.021400   -0.008420   \n",
       "\n",
       "                energy_count   dayTime  visibility  temperatureMin  \\\n",
       "energy_sum          0.199996 -0.768339   -0.245011       -0.804079   \n",
       "energy_mean        -0.033329 -0.797207   -0.250845       -0.831273   \n",
       "energy_max          0.161861 -0.709813   -0.256090       -0.801639   \n",
       "energy_min         -0.600660 -0.546729   -0.142262       -0.572748   \n",
       "energy_std         -0.008897 -0.744262   -0.265982       -0.830556   \n",
       "energy_count        1.000000  0.044510    0.008862        0.053193   \n",
       "dayTime             0.044510  1.000000    0.198165        0.632180   \n",
       "visibility          0.008862  0.198165    1.000000        0.191942   \n",
       "temperatureMin      0.053193  0.632180    0.191942        1.000000   \n",
       "temperatureMax      0.053094  0.694892    0.261507        0.896142   \n",
       "cloudCover         -0.003660 -0.129595   -0.332863       -0.062109   \n",
       "moonPhase          -0.088564  0.019402    0.061707       -0.013204   \n",
       "\n",
       "                temperatureMax  cloudCover  moonPhase  \n",
       "energy_sum           -0.843281    0.240353  -0.033909  \n",
       "energy_mean          -0.870275    0.241900  -0.016539  \n",
       "energy_max           -0.822014    0.218946  -0.025132  \n",
       "energy_min           -0.601007    0.165484   0.021400  \n",
       "energy_std           -0.856081    0.231014  -0.008420  \n",
       "energy_count          0.053094   -0.003660  -0.088564  \n",
       "dayTime               0.694892   -0.129595   0.019402  \n",
       "visibility            0.261507   -0.332863   0.061707  \n",
       "temperatureMin        0.896142   -0.062109  -0.013204  \n",
       "temperatureMax        1.000000   -0.333338   0.005851  \n",
       "cloudCover           -0.333338    1.000000  -0.064122  \n",
       "moonPhase             0.005851   -0.064122   1.000000  "
      ]
     },
     "execution_count": 8,
     "metadata": {},
     "output_type": "execute_result"
    }
   ],
   "source": [
    "df_merged.corr()"
   ]
  },
  {
   "cell_type": "code",
   "execution_count": 9,
   "metadata": {},
   "outputs": [
    {
     "data": {
      "text/plain": [
       "energy_sum        1.000000\n",
       "energy_mean       0.971418\n",
       "energy_max        0.966926\n",
       "energy_min        0.564625\n",
       "energy_std        0.969559\n",
       "energy_count      0.199996\n",
       "dayTime          -0.768339\n",
       "visibility       -0.245011\n",
       "temperatureMin   -0.804079\n",
       "temperatureMax   -0.843281\n",
       "cloudCover        0.240353\n",
       "moonPhase        -0.033909\n",
       "Name: energy_sum, dtype: float64"
      ]
     },
     "execution_count": 9,
     "metadata": {},
     "output_type": "execute_result"
    }
   ],
   "source": [
    "df_merged.corr()['energy_sum']"
   ]
  },
  {
   "cell_type": "markdown",
   "metadata": {},
   "source": [
    "The above correlatiion values shows both negative and positive correlation and as well showed weak and strong correclation among some variables.However, we are interested in how the Time of the day(dayTime) and the Temperatures affect the level of energy consumption. On that basis we only need the relevant columns useful to our regression model."
   ]
  },
  {
   "cell_type": "code",
   "execution_count": 10,
   "metadata": {},
   "outputs": [
    {
     "data": {
      "text/html": [
       "<div>\n",
       "<style scoped>\n",
       "    .dataframe tbody tr th:only-of-type {\n",
       "        vertical-align: middle;\n",
       "    }\n",
       "\n",
       "    .dataframe tbody tr th {\n",
       "        vertical-align: top;\n",
       "    }\n",
       "\n",
       "    .dataframe thead th {\n",
       "        text-align: right;\n",
       "    }\n",
       "</style>\n",
       "<table border=\"1\" class=\"dataframe\">\n",
       "  <thead>\n",
       "    <tr style=\"text-align: right;\">\n",
       "      <th></th>\n",
       "      <th>energy_sum</th>\n",
       "      <th>temperatureMin</th>\n",
       "      <th>temperatureMax</th>\n",
       "      <th>dayTime</th>\n",
       "    </tr>\n",
       "  </thead>\n",
       "  <tbody>\n",
       "    <tr>\n",
       "      <th>0</th>\n",
       "      <td>6.952692</td>\n",
       "      <td>3.81</td>\n",
       "      <td>10.36</td>\n",
       "      <td>8.520000</td>\n",
       "    </tr>\n",
       "    <tr>\n",
       "      <th>1</th>\n",
       "      <td>8.536480</td>\n",
       "      <td>8.56</td>\n",
       "      <td>12.93</td>\n",
       "      <td>8.476111</td>\n",
       "    </tr>\n",
